[[  0.   0.   1.   1.   0.   3.   0.   0.   0.   4.   0.   1.   0.   0.    3.   0.   0.   0.   0.   0.   0.   0.   0.   0.   0.   0.   0.   0.]
 [  0.   0.   5.   0.   2.   0.   5.   1.   0.   0.   2.   0.   5.   2.    0.   8.   0.   0.   0.   0.   0.   0.   0.   0.   0.   0.   0.   0.]
 [  2.   0.   4.   0.   0.   1.   0.   0.   4.   2.   1.   1.   0.   2.    0.   0.   0.   0.   0.   0.   0.   0.   0.   0.   0.   0.   0.   0.]
 [  0.   3.   0.   2.  11.   0.   1.  65. 204. 255. 209. 126.   7.   0.    6.   0.   0.   0.   0.   0.   0.   0.   0.   0.   0.   0.   0.   0.]
 [  0.   3.   0.   0.   0.   0.   0.  65. 213. 123. 221. 221. 128.   0.    2.   0.   0.   0.   0.   0.   0.   0.   0.   0.   0.   0.   0.   0.]
 [  2.   0.   4.   8.   0.   1.   2. 255.   0.   0.   0. 152. 209. 199.   48.   3.   0.   0.   0.   0.   0.   0.   0.   0.   0.   0.   0.   0.]
 [  0.  13.   0.   0.   0.   0.   1. 250.   0.   7.   0.   0. 156. 236.  255.   0.   0.   0.   0.   0.   0.   0.   0.   0.   0.   0.   0.   0.]
 [  1.   0.   0.   9.   0.   0. 127. 130.   0.   0.   0.   1.   0. 251.  207.  50.   0.   0.   0.   0.   0.   0.   0.   0.   0.   0.   0.   0.]
 [  1.   4.   0.   0.   3.   0. 207.  53.   1.   3.   0.   4.   0. 198.  219.  89.   0.   0.   0.   0.   0.   0.   0.   0.   0.   0.   0.   0.]
 [  0.   0.   6.   0.   0.   8. 251.   0.   0.   0.   4.   0.   3. 201.  254. 230.   0.   0.   0.   0.   0.   0.   0.   0.   0.   0.   0.   0.]
 [  6.   1.   0.   0.   0. 192. 190.   0.   6.   2.   0.   0.   0. 217.  222. 127.   0.   0.   0.   0.   0.   0.   0.   0.   0.   0.   0.   0.]
 [  0.   2.   8.   0.   0. 134. 125.   1.   0.   0.   5.   2.   3. 234.  217.   1.   0.   0.   0.   0.   0.   0.   0.   0.   0.   0.   0.   0.]
 [  3.   0.   0.   3.   0. 254.   0.   5.   2.   2.   0.   0. 192. 187.  255.   0.   0.   0.   0.   0.   0.   0.   0.   0.   0.   0.   0.   0.]
 [  3.   0.   4.   0.   8. 203. 255. 254. 252. 255. 249. 254. 132.  52.  198.   8.   0.   0.   0.   0.   0.   0.   0.   0.   0.   0.   0.   0.]
 [  0.   0.   0.   3.   0.   2.   8.   0.   3.   0.  10.   0.   1. 130.  126.   0.   0.   0.   0.   0.   0.   0.   0.   0.   0.   0.   0.   0.]
 [  2.   0.   1.   0.   1.   0.   0.   0.   1.   0.   2.   3.   0. 202.   50.   2.   0.   0.   0.   0.   0.   0.   0.   0.   0.   0.   0.   0.]
 [  0.   0.   0.   0.   0.   0.   0.   0.   3.   0.   0.   7.  49. 204.    2.   2.   1.   1.   0.   0.   0.   0.   0.   0.   0.   0.   0.   0.]
 [  0.   0.   0.   0.   0.   0.   0.   0.   0.   5.   0.   0. 152. 225.    3.   0.   1.   1.   0.   0.   0.   0.   0.   0.   0.   0.   0.   0.]
 [  0.   0.   0.   0.   0.   0.   0.   0.   1.   0.   4.   0. 130. 125.    3.   6.   1.   1.   0.   0.   0.   0.   0.   0.   0.   0.   0.   0.]
 [  0.   0.   0.   0.   0.   0.   0.   0.   0.   2.   0.   2. 121. 133.    0.   0.   1.   1.   0.   0.   0.   0.   0.   0.   0.   0.   0.   0.]
 [  0.   0.   0.   0.   0.   0.   0.   0.   0.   1.   2.   4. 211.  45.    3.   4.   1.   1.   0.   0.   0.   0.   0.   0.   0.   0.   0.   0.]
 [  0.   0.   0.   0.   0.   0.   0.   0.   5.   0.   5.   0. 246.   4.    1.   0.   1.   1.   0.   0.   0.   0.   0.   0.   0.   0.   0.   0.]
 [  0.   0.   0.   0.   0.   0.   0.   0.   1.   4.   0.  92. 209.   0.    6.   0.   1.   1.   0.   0.   0.   0.   0.   0.   0.   0.   0.   0.]
 [  0.   0.   0.   0.   0.   0.   0.   0.   0.   2.   1. 200.   5.   0.    0.   1.   1.   1.   0.   0.   0.   0.   0.   0.   0.   0.   0.   0.]
 [  0.   0.   0.   0.   0.   0.   0.   0.   0.   2.   2. 204.  54.   0.    0.   0.   0.   0.   0.   0.   0.   0.   0.   0.   0.   0.   0.   0.]
 [  0.   0.   0.   0.   0.   0.   0.   0.   0.   0.   3. 207.  42.   0.    6.   0.   0.   0.   0.   0.   0.   0.   0.   0.   0.   0.   0.   0.]
 [  0.   0.   0.   0.   0.   0.   0.   0.   0.   2.   5.   0.   6.   0.    0.   0.   0.   0.   0.   0.   0.   0.   0.   0.   0.   0.   0.   0.]
 [  0.   0.   0.   0.   0.   0.   0.   0.   3.   0.   0.   0.   3.   0.    2.   0.   0.   0.   0.   0.   0.   0.   0.   0.   0.   0.   0.   0.]]
[[0. 0. 0. 0. 1. 0. 0. 0. 0. 0.]]
4
